21.312066 20.757959 31.469355 0.130064 770.103283 -0.260000 0.013790
21.313783 20.757379 31.466028 0.130062 770.103109 -0.250000 0.013790
21.315726 20.757532 31.466089 0.130061 770.103116 -0.260000 0.013750
21.317894 20.757959 31.466822 0.130063 770.103181 -0.210000 0.013820
21.319997 20.758570 31.468012 0.130060 770.103218 -0.240000 0.013770
21.321733 20.757654 31.468866 0.130062 770.103282 -0.220000 0.013790
21.323830 20.757349 31.470697 0.130061 770.103400 -0.260000 0.013730
21.325697 20.756922 31.472681 0.130064 770.103517 -0.220000 0.013760
21.327408 20.756403 31.475061 0.130062 770.103625 -0.230000 0.013790
21.329260 20.756067 31.476831 0.130061 770.103728 -0.280000 0.013690
21.331208 20.755396 31.478937 0.130061 770.103828 -0.200000 0.013660
21.332434 20.755548 31.480951 0.130061 770.103946 -0.230000 0.013730
21.334366 20.755579 31.482355 0.130061 770.104049 -0.260000 0.013740
21.336166 20.755579 31.484888 0.130062 770.104174 -0.260000 0.013600
21.338269 20.756006 31.486536 0.130062 770.104282 -0.210000 0.013550
21.340407 20.756189 31.488886 0.130060 770.104377 -0.280000 0.013720
21.342699 20.756830 31.490656 0.130061 770.104470 -0.250000 0.013620
21.344741 20.757135 31.493555 0.130062 770.104662 -0.190000 0.013580
21.346481 20.757379 31.495386 0.130064 770.104770 -0.210000 0.013650
21.348819 20.757227 31.497400 0.130061 770.104847 -0.270000 0.013610
21.350866 20.756525 31.499018 0.130062 770.104956 -0.220000 0.013570
21.352633 20.756525 31.500788 0.130062 770.105066 -0.270000 0.013560
21.354824 20.756678 31.503107 0.130061 770.105191 -0.260000 0.013500
21.357133 20.756556 31.505304 0.130062 770.105287 -0.240000 0.013380
21.359219 20.756556 31.507227 0.130059 770.105392 -0.200000 0.013230
21.360958 20.755762 31.509211 0.130060 770.105496 -0.220000 0.012940
21.363133 20.755213 31.511042 0.130060 770.105620 -0.220000 0.012600
21.364868 20.755121 31.513147 0.130061 770.105717 -0.220000 0.012230
21.366641 20.755579 31.515345 0.130064 770.105831 -0.210000 0.011620
21.368352 20.755762 31.516657 0.130064 770.105950 -0.220000 0.010890
21.370397 20.755701 31.519098 0.130062 770.106042 -0.230000 0.010060
21.372267 20.756769 31.521021 0.130063 770.106152 -0.220000 0.008980
21.374617 20.757776 31.522730 0.130063 770.106265 -0.190000 0.007710
21.376375 20.758387 31.525019 0.130061 770.106395 -0.260000 0.006410
21.378575 20.758051 31.526911 0.130063 770.106496 -0.210000 0.005060
21.380660 20.758417 31.529169 0.130064 770.106606 -0.210000 0.003770
21.382359 20.757746 31.531275 0.130065 770.106725 -0.190000 0.002631
21.384581 20.757105 31.532953 0.130058 770.106823 -0.210000 0.001723
21.386151 20.756678 31.535273 0.130064 770.106938 -0.180000 0.001087
21.388206 20.755823 31.537012 0.130063 770.107068 -0.220000 0.000633
21.390355 20.755671 31.538904 0.130062 770.107167 -0.200000 0.000358
21.392659 20.755518 31.541071 0.130063 770.107271 -0.200000 0.000201
21.394641 20.755243 31.542902 0.130062 770.107402 -0.210000 0.000115
21.396867 20.754511 31.544336 0.130062 770.107507 -0.190000 0.000066
21.399030 20.754663 31.546900 0.130066 770.107624 -0.190000 0.000041
21.400836 20.755182 31.548883 0.130062 770.107718 -0.250000 0.000028
21.403050 20.755640 31.550653 0.130064 770.107828 -0.220000 0.000020
21.405308 20.756891 31.554071 0.130065 770.107984 -0.180000 0.000015
21.407642 20.757563 31.556208 0.130063 770.108098 -0.230000 0.000014
21.409889 20.757532 31.558069 0.130064 770.108196 -0.190000 0.000013
21.411911 20.757746 31.559351 0.130062 770.108294 -0.220000 0.000013
21.413482 20.757959 31.561457 0.130063 770.108413 -0.180000 0.000013
21.415583 20.758539 31.563837 0.130064 770.108511 -0.180000 0.000013
21.417747 20.758204 31.565699 0.130064 770.108625 -0.230000 0.000015
21.419814 20.758204 31.567286 0.130061 770.108731 -0.220000 0.000017
21.421674 20.758051 31.569574 0.130065 770.108842 -0.180000 0.000022
21.423786 20.757929 31.571863 0.130064 770.108942 -0.240000 0.000031
21.425592 20.756586 31.573481 0.130064 770.109050 -0.190000 0.000049
21.427825 20.756189 31.575373 0.130063 770.109166 -0.200000 0.000083
21.430152 20.756403 31.577234 0.130063 770.109271 -0.260000 0.000152
21.432184 20.756525 31.579310 0.130062 770.109383 -0.220000 0.000293
21.434043 20.756373 31.581171 0.130061 770.109520 -0.230000 0.000566
21.435875 20.756403 31.583551 0.130062 770.109639 -0.190000 0.001048
21.438066 20.756739 31.585504 0.130063 770.109751 -0.220000 0.001812
21.440481 20.757715 31.587580 0.130062 770.109863 -0.230000 0.002790
21.442466 20.757379 31.589502 0.130062 770.109982 -0.190000 0.004080
21.443945 20.756708 31.591577 0.130062 770.110093 -0.190000 0.005450
21.446031 20.757013 31.593683 0.130065 770.110199 -0.190000 0.006870
21.448123 20.757288 31.595484 0.130063 770.110299 -0.190000 0.008230
21.450092 20.757776 31.597406 0.130064 770.110425 -0.230000 0.009340
21.452333 20.757105 31.599451 0.130063 770.110538 -0.230000 0.010280
21.454237 20.756159 31.601343 0.130064 770.110642 -0.220000 0.011120
21.456212 20.756189 31.603388 0.130063 770.110734 -0.200000 0.011840
21.458147 20.756403 31.605524 0.130063 770.110830 -0.210000 0.012220
21.459617 20.756220 31.607386 0.130062 770.110930 -0.240000 0.012600
21.461517 20.756556 31.609552 0.130064 770.111037 -0.210000 0.012860
21.463620 20.756525 31.610987 0.130064 770.111142 -0.200000 0.013090
21.465816 20.757379 31.613153 0.130062 770.111254 -0.220000 0.013250
21.467574 20.757563 31.615168 0.130062 770.111363 -0.240000 0.013250
21.469531 20.758204 31.616846 0.130062 770.111490 -0.250000 0.013290
21.471442 20.758997 31.619501 0.130061 770.111587 -0.210000 0.013350
21.473445 20.759027 31.621485 0.130060 770.111688 -0.230000 0.013410
21.475416 20.758356 31.623255 0.130061 770.111789 -0.200000 0.013390
21.477202 20.757715 31.626123 0.130062 770.111958 -0.260000 0.013360
21.479307 20.757929 31.628748 0.130064 770.112143 -0.240000 0.013410
21.481553 20.757044 31.631189 0.130063 770.112264 -0.250000 0.013360
21.483825 20.757319 31.632776 0.130062 770.112381 -0.220000 0.013340
21.485617 20.757715 31.635065 0.130062 770.112503 -0.280000 0.013370
21.487716 20.757196 31.636866 0.130061 770.112619 -0.280000 0.013270
21.489659 20.757013 31.638910 0.130063 770.112733 -0.220000 0.013300
21.491201 20.757166 31.640711 0.130063 770.112852 -0.270000 0.013280
21.493301 20.757379 31.642939 0.130062 770.112960 -0.220000 0.013360
21.495167 20.757013 31.644861 0.130062 770.113064 -0.260000 0.013260
21.497355 20.757044 31.646814 0.130062 770.113188 -0.250000 0.013280
21.499209 20.757349 31.648737 0.130063 770.113294 -0.270000 0.013330
21.501455 20.756830 31.650660 0.130064 770.113406 -0.260000 0.013210
21.503156 20.757349 31.652765 0.130064 770.113507 -0.250000 0.013220
21.505225 20.757349 31.654566 0.130062 770.113627 -0.230000 0.013230
21.507489 20.757227 31.656610 0.130061 770.113720 -0.270000 0.013180
21.509659 20.757990 31.658228 0.130064 770.113822 -0.300000 0.013250
21.511501 20.758966 31.660517 0.130061 770.113913 -0.300000 0.013200
